https://img.freepik.com/premium-photo/red-squirrel-sciurus-vulgaris-squirrel-mammals-animals_153442-793.jpg
https://tshop.r10s.jp/dunapearl/cabinet/qude3/qude08-1.jpg?fitin=720%3A720
https://media.loom-app.com/bi/dist/images/2021/04/22/60803ea644f4540019207f57.jpg?w=640
https://www.body-talk.co.jp/wp-content/uploads/2023/01/%E3%83%AA%E3%82%B9.jpg
https://img.freepik.com/premium-photo/the-squirrel-is-a-cartoon-character-from-the-animated-series_873925-28369.jpg
https://pure-animal.com/cms/wp-content/uploads/2021/03/2277fb3504cf08f9990bf91e6b0b5f89.jpg
https://www.townnews.co.jp/0304/images/a000963325_08.jpg
https://www.ozmall.co.jp/Content/upload/images/XQADH7MGV3GR7MPQPHAWNFWYRU.jpg
https://img.freepik.com/premium-photo/a-small-squirrel-is-standing-in-the-middle-of-autumn-leaves_893012-119715.jpg
https://toraiz.jp/english-times/src/data/uploads/2023/10/AdobeStock_205432100-1024x682.jpeg
